,City,Max Temp,Humidity,Cloudiness,Wind Speed,Lat,Lng,Country,Date
0,Xining,13.62,49,0,6.26,36.62,101.77,CN,1575671214
1,Hermanus,64.0,94,0,20.22,-34.42,19.24,ZA,1575671214
2,Kaitangata,62.01,63,67,8.01,-46.28,169.85,NZ,1575671214
3,Magadi,60.8,100,40,3.36,12.96,77.22,IN,1575671214
4,Gwadar,77.7,53,1,5.93,25.12,62.33,PK,1575671214
5,Provideniya,5.52,95,100,19.15,64.42,-173.23,RU,1575671215
6,Znamenskoye,23.81,93,100,12.35,57.13,73.82,RU,1575671215
7,Deputatskiy,-22.16,100,100,0.74,69.3,139.9,RU,1575671215
8,Nanortalik,32.52,65,100,7.76,60.14,-45.24,GL,1575671215
9,Tiksi,-25.22,100,100,4.45,71.64,128.87,RU,1575671215
10,Takoradi,81.05,79,64,8.48,4.89,-1.75,GH,1575671215
11,Busselton,66.0,65,96,8.01,-33.64,115.35,AU,1575671215
12,Mataura,61.0,73,33,7.0,-46.19,168.86,NZ,1575671215
13,Skelleftea,30.2,86,56,10.29,64.75,20.95,SE,1575671149
14,Coihaique,66.2,45,34,3.36,-45.58,-72.07,CL,1575671215
15,Panzhihua,36.07,86,0,0.87,26.59,101.72,CN,1575671215
16,Cape Town,68.0,82,1,11.41,-33.93,18.42,ZA,1575671199
17,Sambava,72.81,88,16,2.35,-14.27,50.17,MG,1575671215
18,Ushuaia,48.2,70,75,34.45,-54.81,-68.31,AR,1575671039
19,Umm Lajj,66.2,43,0,4.05,25.02,37.27,SA,1575671215
20,Saskylakh,-15.79,85,100,26.64,71.97,114.09,RU,1575671215
21,Chuy,71.47,43,4,13.87,-33.69,-53.46,UY,1575671215
22,Cotonou,84.2,79,20,8.05,6.37,2.43,BJ,1575671215
23,Ponta do Sol,73.78,87,100,4.38,-20.63,-46.0,BR,1575671215
24,Bouar,70.88,22,96,8.05,5.94,15.59,CF,1575671216
25,Tete,80.6,65,20,8.05,-16.16,33.59,MZ,1575671216
26,Qaanaaq,-6.99,59,0,7.9,77.48,-69.36,GL,1575671216
27,Kapaa,80.6,88,75,16.11,22.08,-159.32,US,1575671069
28,Muisne,80.6,78,90,3.36,0.61,-80.02,EC,1575671216
29,Chumikan,-19.19,88,39,3.69,54.72,135.31,RU,1575671216
30,Lagoa,57.99,71,0,8.05,37.14,-8.45,PT,1575671129
31,Tuktoyaktuk,5.0,84,90,16.11,69.44,-133.03,CA,1575671216
32,Nishihara,46.99,64,90,3.36,35.74,139.53,JP,1575671216
33,Tasiilaq,23.0,73,80,4.7,65.61,-37.64,GL,1575671216
34,Ostrovnoy,18.73,94,100,8.99,68.05,39.51,RU,1575671216
35,Ilulissat,8.6,35,0,8.05,69.22,-51.1,GL,1575670976
36,Barra,69.8,88,83,3.36,13.49,-16.54,GM,1575671217
37,Bambous Virieux,75.99,88,20,4.7,-20.34,57.76,MU,1575671217
38,Carnarvon,73.35,18,96,8.52,-30.97,22.13,ZA,1575671217
39,Ruteng,68.16,84,41,3.91,-8.61,120.46,ID,1575671217
40,Albany,37.0,94,90,6.93,42.65,-73.75,US,1575671060
41,Roebourne,73.63,52,0,5.57,-20.77,117.15,AU,1575671217
42,Valdivia,69.8,46,100,9.17,-39.81,-73.25,CL,1575671217
43,Ruidoso,62.01,43,1,2.19,33.33,-105.67,US,1575671217
44,Cherskiy,-7.46,76,15,2.57,68.75,161.3,RU,1575671217
45,Katsuura,44.6,75,75,8.05,33.93,134.5,JP,1575671217
46,Georgetown,80.6,83,20,6.93,6.8,-58.16,GY,1575671139
47,Villa Carlos Paz,93.99,23,20,10.29,-31.42,-64.5,AR,1575671206
48,Areka,66.7,50,56,4.52,7.07,37.71,ET,1575671217
49,Sechura,68.11,91,56,19.89,-5.56,-80.82,PE,1575671217
50,Arraial do Cabo,71.6,88,75,4.7,-22.97,-42.02,BR,1575671217
51,Victoria Point,88.0,65,0,9.17,-27.58,153.3,AU,1575671217
52,Upernavik,8.6,53,100,9.62,72.79,-56.15,GL,1575671217
53,Rikitea,74.7,80,100,17.65,-23.12,-134.97,PF,1575671217
54,Kenai,24.01,85,90,10.29,60.55,-151.26,US,1575671218
55,Moyale,71.83,57,7,2.71,3.52,39.05,ET,1575671218
56,Kruisfontein,63.46,96,39,7.7,-34.0,24.73,ZA,1575671218
57,Bredasdorp,64.4,88,100,2.24,-34.53,20.04,ZA,1575671218
58,Olivenza,50.0,83,0,5.23,38.68,-7.1,ES,1575671218
59,Tabuk,69.78,92,76,12.3,17.41,121.44,PH,1575671218
60,Vanimo,80.71,84,100,7.74,-2.67,141.3,PG,1575671218
61,Cidreira,72.82,66,0,9.48,-30.17,-50.22,BR,1575671218
62,Hilo,71.6,83,90,4.7,19.71,-155.08,US,1575671218
63,Atuona,80.04,76,0,16.28,-9.8,-139.03,PF,1575671218
64,Zhigansk,-36.35,91,19,4.94,66.77,123.37,RU,1575671218
65,Waingapu,84.42,68,0,2.42,-9.65,120.26,ID,1575671218
66,Borodino,30.09,91,100,12.44,55.9,94.89,RU,1575671218
67,Katete,58.8,96,92,1.99,-0.78,29.75,UG,1575671218
68,Carutapera,81.64,79,0,16.17,-1.2,-46.02,BR,1575671218
69,Norman Wells,-0.4,84,90,11.41,65.28,-126.83,CA,1575671219
70,Vaini,65.84,86,21,9.71,15.34,74.49,IN,1575671219
71,Kodiak,41.0,48,1,4.7,39.95,-94.76,US,1575671219
72,Kasempa,64.24,92,16,3.87,-13.46,25.83,ZM,1575671219
73,Castro,60.8,63,75,12.75,-42.48,-73.76,CL,1575671219
74,Sisimiut,5.7,63,25,6.04,66.94,-53.67,GL,1575671219
75,Hobart,55.99,50,75,23.04,-42.88,147.33,AU,1575671219
76,Yar-Sale,-4.81,98,86,4.52,66.83,70.83,RU,1575671219
77,Lingao,65.12,47,0,18.88,19.91,109.69,CN,1575671219
78,Palmer,62.01,55,20,6.93,-34.85,139.16,AU,1575671219
79,Kilindoni,83.17,79,21,9.8,-7.91,39.67,TZ,1575671219
80,Necochea,57.99,67,65,11.01,-38.55,-58.74,AR,1575671219
81,Hachinohe,33.01,100,40,1.12,40.47,141.48,JP,1575671219
82,Maroantsetra,67.86,98,82,1.68,-15.43,49.74,MG,1575671219
83,Yilan,13.12,76,55,9.37,43.11,129.52,CN,1575671219
84,Jamestown,54.28,66,0,5.68,-33.21,138.6,AU,1575671126
85,Saint-Philippe,26.01,79,90,5.82,45.36,-73.48,CA,1575671195
86,Clyde River,-18.4,75,5,14.99,70.47,-68.59,CA,1575671219
87,Port Alfred,69.01,90,0,5.99,-33.59,26.89,ZA,1575671219
88,Yellowknife,-7.01,76,75,6.93,62.45,-114.38,CA,1575671215
89,Severo-Kurilsk,21.54,86,94,31.34,50.68,156.12,RU,1575671220
90,Butaritari,82.36,65,99,2.73,3.07,172.79,KI,1575671212
91,Bluff,80.31,51,0,11.97,-23.58,149.07,AU,1575671220
92,Flinders,75.0,56,55,2.24,-34.58,150.85,AU,1575671220
93,Oussouye,71.6,83,42,4.7,12.49,-16.54,SN,1575671220
94,Esperance,73.4,53,100,10.29,-33.86,121.89,AU,1575671220
95,Punta Arenas,53.6,62,99,40.26,-53.16,-70.91,CL,1575671220
96,East London,74.44,60,0,19.48,-33.02,27.91,ZA,1575671220
97,Catarama,87.71,53,38,2.93,-1.57,-79.48,EC,1575671220
98,Avera,59.0,71,40,7.65,33.19,-82.53,US,1575671220
99,Los Llanos de Aridane,66.2,68,75,17.22,28.66,-17.92,ES,1575671220
100,Port Elizabeth,53.6,43,90,10.29,39.31,-74.98,US,1575671220
101,Coahuayana,90.07,45,0,2.35,18.62,-100.35,MX,1575671220
102,Kaniama,66.97,97,68,2.89,-7.57,24.18,CD,1575671220
103,New Norfolk,55.99,50,75,23.04,-42.78,147.06,AU,1575671220
104,Waipawa,71.01,54,64,10.0,-39.94,176.59,NZ,1575671220
105,Ancud,60.8,63,75,12.75,-41.87,-73.83,CL,1575671221
106,Muroto,44.6,75,75,8.05,33.37,134.14,JP,1575671221
107,Dunedin,60.71,64,5,8.16,-45.87,170.5,NZ,1575671221
108,Batsfjord,30.2,80,75,31.09,70.63,29.72,NO,1575671221
109,Bonanza,80.19,70,72,5.3,14.03,-84.62,NI,1575671221
110,Urengoy,2.32,95,100,12.8,65.96,78.37,RU,1575671221
111,Semiletka,32.74,95,100,16.55,55.36,54.62,RU,1575671221
112,Hasaki,42.8,87,75,8.05,35.73,140.83,JP,1575671221
113,Itarema,78.33,77,0,9.31,-2.92,-39.92,BR,1575671222
114,Palu,66.7,96,100,2.37,-0.9,119.87,ID,1575671222
115,Hun,48.99,93,99,19.46,50.34,4.87,BE,1575671222
116,Bereznik,30.51,92,99,3.51,62.86,42.71,RU,1575671222
117,Pascagoula,71.6,73,20,5.82,30.37,-88.56,US,1575671222
118,Victoria,77.0,94,75,10.89,5.28,115.24,BN,1575671038
119,Sur,71.82,77,9,6.02,22.57,59.53,OM,1575671222
120,Yulara,84.2,9,0,8.05,-25.24,130.99,AU,1575671222
121,Luderitz,62.6,93,0,6.93,-26.65,15.16,NA,1575671222
122,Presidencia Roque Saenz Pena,89.38,20,0,2.44,-26.79,-60.44,AR,1575670991
123,Vila do Maio,73.4,69,75,18.34,15.13,-23.22,CV,1575671223
124,Le Vauclin,82.4,78,75,9.17,14.55,-60.84,MQ,1575671223
125,Kaeo,79.0,100,23,11.99,-35.1,173.78,NZ,1575671223
126,Mvuma,67.39,65,28,6.2,-19.28,30.53,ZW,1575671223
127,Torbay,36.0,79,90,17.22,47.66,-52.73,CA,1575671223
128,Broken Hill,62.6,48,0,12.75,-31.97,141.45,AU,1575671223
129,Tilichiki,9.61,88,100,9.95,60.47,166.1,RU,1575671223
130,Grindavik,24.8,79,58,6.93,63.84,-22.43,IS,1575671223
131,Kalmunai,81.66,81,87,15.68,7.42,81.82,LK,1575671223
132,Cockburn Town,78.8,78,75,10.29,21.46,-71.14,TC,1575671223
133,Broome,48.0,87,100,14.99,52.47,1.45,GB,1575671223
134,Constitucion,77.0,12,5,8.05,23.99,-104.67,MX,1575671223
135,Bin Qirdan,60.51,67,100,7.11,33.14,11.22,TN,1575671224
136,Bantou,33.98,96,1,2.89,26.22,117.49,CN,1575671224
137,Quatre Cocos,75.99,88,20,4.7,-20.21,57.76,MU,1575671224
138,Fortuna,57.0,87,40,24.16,40.6,-124.16,US,1575671224
139,Faya,59.0,93,1,9.17,18.39,42.45,SA,1575671224
140,New Glasgow,30.99,83,65,15.01,45.59,-62.65,CA,1575670936
141,Churachandpur,51.6,84,85,3.83,24.33,93.67,IN,1575671224
142,Ozernovskiy,28.49,84,100,30.69,51.5,156.52,RU,1575671224
143,Prince Albert,17.6,85,20,3.36,53.2,-105.75,CA,1575670965
144,Ewa Beach,80.01,61,75,11.41,21.32,-158.01,US,1575671224
145,The Valley,82.4,74,40,10.29,18.22,-63.06,AI,1575671022
146,San Patricio,81.41,38,0,5.01,-26.98,-56.83,PY,1575671224
147,Hithadhoo,82.92,79,86,15.82,-0.6,73.08,MV,1575671224
148,Bowen,87.01,66,75,10.29,-20.01,148.25,AU,1575671224
149,Split,52.0,87,100,3.36,43.51,16.44,HR,1575671224
150,Sorong,73.27,95,87,1.25,-0.86,131.25,ID,1575671224
151,Ushumun,-8.28,78,23,9.01,52.78,126.54,RU,1575671225
152,Skibbereen,41.0,93,40,9.17,51.55,-9.27,IE,1575671225
153,Gambela,79.9,57,46,3.89,8.25,34.59,ET,1575671225
154,Mount Gambier,55.4,76,90,11.41,-37.83,140.78,AU,1575671225
155,Los Alamos,48.99,69,1,4.7,35.88,-106.3,US,1575671225
156,Geraldton,5.0,77,90,2.24,49.72,-86.95,CA,1575671225
157,Saldanha,41.99,88,0,1.23,41.42,-6.55,PT,1575671225
158,Kabo,73.13,21,99,1.03,7.69,18.62,CF,1575671225
159,Nikolskoye,42.01,93,90,6.71,59.7,30.79,RU,1575671225
160,Mugur-Aksy,3.33,78,83,4.05,50.38,90.44,RU,1575671225
161,Isangel,84.2,79,75,9.17,-19.55,169.27,VU,1575671225
162,Cabo San Lucas,84.99,65,5,4.7,22.89,-109.91,MX,1575671130
163,Airai,67.55,56,97,4.47,-8.93,125.41,TL,1575671225
164,Bratsk,12.2,85,76,4.47,56.15,101.63,RU,1575671225
165,Oranjemund,64.31,73,0,2.13,-28.55,16.43,ZA,1575671225
166,Ocala,73.4,45,1,3.36,29.19,-82.14,US,1575670998
167,Vestmannaeyjar,32.52,65,81,10.25,63.44,-20.27,IS,1575671013
168,Wasilla,21.0,85,90,2.19,61.58,-149.44,US,1575671226
169,Chake Chake,82.85,78,100,9.89,-5.25,39.77,TZ,1575671226
170,Santa Rosa,89.24,11,0,14.0,-36.62,-64.29,AR,1575671226
171,Abu Samrah,49.1,83,92,9.66,35.3,37.18,SY,1575671226
172,Paragominas,84.34,60,76,3.85,-3.0,-47.35,BR,1575671226
173,Antofagasta,66.2,68,20,14.99,-23.65,-70.4,CL,1575671226
174,Tazovskiy,-7.46,97,77,9.55,67.47,78.7,RU,1575671226
175,San Andres,73.29,93,1,1.95,13.32,122.68,PH,1575671226
176,Saint George,44.6,100,40,1.3,39.45,22.34,GR,1575671226
177,Yenagoa,77.88,84,70,4.47,4.92,6.26,NG,1575671226
178,Omboue,74.8,96,100,3.51,-1.57,9.26,GA,1575671227
179,Kurilsk,25.74,83,58,7.92,45.23,147.88,RU,1575671227
180,Lebu,53.6,66,40,5.82,8.96,38.73,ET,1575671227
181,Yerbogachen,1.27,91,73,7.52,61.28,108.01,RU,1575671227
182,Labuhan,74.23,92,100,1.21,-2.54,115.51,ID,1575671227
183,Barrow,60.85,47,0,17.6,-38.31,-60.23,AR,1575671227
184,Lompoc,66.2,63,90,12.75,34.64,-120.46,US,1575671227
185,Tekkali,64.78,73,43,5.41,18.62,84.23,IN,1575671227
186,Buriti Bravo,82.29,58,57,1.95,-5.84,-43.84,BR,1575671227
187,Oyama,48.0,56,75,4.7,36.31,139.8,JP,1575671227
188,Kiama,72.0,56,55,2.24,-34.67,150.86,AU,1575671227
189,Grand Gaube,75.99,88,20,4.7,-20.01,57.66,MU,1575671227
190,Sayat,35.6,93,90,6.93,38.78,63.88,TM,1575671227
191,Kavieng,83.98,76,98,10.04,-2.57,150.8,PG,1575671227
192,Teguise,60.8,82,20,5.82,29.06,-13.56,ES,1575671227
193,Saryg-Sep,5.52,86,100,3.24,51.49,95.55,RU,1575671227
194,Kalamare,68.95,72,56,8.81,-22.93,26.57,BW,1575671227
195,Khatanga,-1.59,87,100,8.34,71.98,102.47,RU,1575671227
196,Namibe,72.21,79,98,8.19,-15.19,12.15,AO,1575671228
197,Coari,85.03,76,100,2.77,-4.09,-63.14,BR,1575671228
198,Portland,30.99,63,90,4.7,43.66,-70.25,US,1575671155
199,Mount Pleasant,68.0,49,40,9.17,33.16,-94.97,US,1575671228
200,Dwarka,68.0,93,40,3.98,28.58,77.04,IN,1575671228
201,Maymyo,59.0,87,40,2.24,22.03,96.47,MM,1575671228
202,Thompson,10.4,85,90,5.82,55.74,-97.86,CA,1575671228
203,Barabai,74.23,92,100,1.21,-2.59,115.38,ID,1575671228
204,Hami,23.85,51,100,2.66,42.84,93.51,CN,1575671228
205,Chimoio,68.0,100,75,2.44,-19.11,33.48,MZ,1575671228
206,Atar,64.89,37,1,9.15,20.52,-13.05,MR,1575671228
207,Tezu,55.36,43,0,2.91,27.93,96.16,IN,1575671228
208,Alto Araguaia,78.3,81,94,6.58,-17.32,-53.22,BR,1575671228
209,Kautokeino,9.37,97,90,4.05,69.01,23.04,NO,1575671228
210,Armizonskoye,31.89,90,100,17.34,55.95,67.67,RU,1575671229
211,Baykit,12.54,97,100,3.06,61.68,96.39,RU,1575671229
212,Zaysan,22.87,97,100,0.85,47.47,84.87,KZ,1575671229
213,Longyearbyen,8.6,65,20,29.97,78.22,15.63,NO,1575671229
214,Eureka,59.0,87,90,5.82,40.8,-124.16,US,1575671229
215,Saint-Paul,42.01,93,87,4.7,45.22,1.9,FR,1575671229
216,Shakawe,73.71,63,52,4.23,-18.36,21.84,BW,1575671229
217,Udachnyy,-9.4,83,75,8.95,66.42,112.4,RU,1575671229
218,Mar del Plata,63.25,39,88,6.4,-46.43,-67.52,AR,1575671027
219,Hofn,33.19,61,0,17.05,64.25,-15.21,IS,1575671229
220,Rio Grande,75.2,44,20,12.75,-32.03,-52.1,BR,1575671229
221,Manggar,82.9,74,100,11.16,-2.88,108.27,ID,1575671229
222,Viedma,62.19,40,0,17.18,-40.81,-62.99,AR,1575671229
223,Corozal,82.4,65,40,4.36,18.39,-88.39,BZ,1575671229
224,Mardin,50.0,76,90,6.93,37.32,40.72,TR,1575671229
225,Pisco,72.0,30,0,23.04,-13.71,-76.2,PE,1575671229
226,Sampit,74.52,97,100,0.92,-2.54,112.95,ID,1575671229
227,Coquimbo,73.99,77,20,11.41,-29.95,-71.34,CL,1575671229
228,San Jose,75.65,58,38,1.81,14.25,-87.96,HN,1575670965
229,Ponta Delgada,60.8,72,75,4.7,37.73,-25.67,PT,1575671229
230,Edson,21.2,85,90,0.94,53.59,-116.44,CA,1575671230
231,Riyadh,64.4,39,0,8.05,24.63,46.72,SA,1575670760
232,Neepawa,19.4,79,90,3.36,50.23,-99.46,CA,1575671230
233,Vila,42.01,93,75,4.7,45.18,8.4,IT,1575671230
234,Klaksvik,33.8,72,62,9.17,62.23,-6.59,FO,1575671230
235,Chokurdakh,-23.28,95,0,6.51,70.62,147.9,RU,1575671230
236,Port Moresby,77.0,88,5,3.36,-9.47,147.16,PG,1575671230
237,Maxixe,74.52,71,37,7.74,-23.86,35.35,MZ,1575671230
238,Pevek,-9.24,98,74,3.0,69.7,170.27,RU,1575671230
239,Lasa,51.8,66,0,9.17,34.92,32.53,CY,1575671230
240,Ribeira Grande,64.4,77,75,14.99,38.52,-28.7,PT,1575671230
241,Koosa,41.0,100,90,14.99,58.53,27.08,EE,1575671230
242,Shubarkuduk,30.13,91,100,18.19,49.15,56.49,KZ,1575671230
243,Kutum,61.86,23,0,8.12,14.2,24.66,SD,1575671231
244,Kapuskasing,10.4,78,90,8.05,49.42,-82.43,CA,1575671231
245,Talnakh,5.0,84,40,22.37,69.49,88.39,RU,1575671231
246,Bethel,19.4,85,90,16.11,60.79,-161.76,US,1575671165
247,Zapolyarnyy,23.0,92,90,14.99,69.43,30.82,RU,1575671231
248,Lata,21.34,7,0,6.89,30.78,78.62,IN,1575671231
249,Ekhabi,8.26,92,100,11.45,53.51,142.97,RU,1575671231
250,Labytnangi,-5.33,98,100,3.62,66.66,66.39,RU,1575671231
251,Pozo Colorado,90.32,19,11,6.89,-23.49,-58.8,PY,1575671231
252,Turukhansk,-0.72,96,100,9.71,65.8,87.96,RU,1575671231
253,Iaciara,77.43,80,100,4.56,-14.1,-46.63,BR,1575671231
254,Berja,57.2,71,42,3.36,36.85,-2.95,ES,1575671231
255,Marsh Harbour,72.45,69,64,12.44,26.54,-77.06,BS,1575671231
256,Salalah,78.8,54,75,8.05,17.01,54.1,OM,1575671231
257,Hayden,44.01,81,90,3.36,47.77,-116.79,US,1575671168
258,Bardstown,52.0,81,90,3.83,37.81,-85.47,US,1575671231
259,Karpathos,59.88,71,16,16.64,35.51,27.21,GR,1575671232
260,Gainesville,71.6,45,1,3.36,29.65,-82.33,US,1575671232
261,Rongcheng,32.09,45,0,10.27,37.16,122.42,CN,1575671232
262,Acapulco,86.0,62,20,8.05,16.86,-99.88,MX,1575671141
263,Osorno,68.0,52,3,10.29,-40.57,-73.14,CL,1575671232
264,Hollins,55.4,53,90,4.7,37.35,-79.95,US,1575671232
265,Najran,57.2,50,0,1.05,17.54,44.22,SA,1575671232
266,Tura,3.18,94,100,6.67,64.27,100.22,RU,1575671232
267,Dikson,-7.74,96,99,5.55,73.51,80.55,RU,1575671232
268,Quartz Hill,64.0,76,40,5.82,34.65,-118.22,US,1575671232
269,Bereda,55.0,100,75,4.7,43.27,-7.54,ES,1575671232
270,Port Lincoln,57.31,75,87,12.57,-34.72,135.86,AU,1575671232
271,Aleksandrov Gay,31.15,91,0,14.47,50.14,48.57,RU,1575671232
272,Fairbanks,-6.0,74,1,3.4,64.84,-147.72,US,1575671187
273,West Bay,50.0,93,75,5.82,49.34,-123.21,CA,1575671232
274,Avarua,78.8,74,86,10.29,-21.21,-159.78,CK,1575671233
275,Silopi,48.31,91,99,1.97,37.25,42.47,IQ,1575671233
276,Mahebourg,75.99,88,20,4.7,-20.41,57.7,MU,1575671233
277,Cabo Rojo,82.99,81,90,13.4,18.09,-67.15,PR,1575671233
278,Watrous,21.27,87,100,1.16,51.67,-105.46,CA,1575671233
279,Belyy Yar,28.4,63,100,29.08,53.6,91.39,RU,1575671233
280,Kongolo,68.7,98,100,3.47,-5.39,27.0,CD,1575671233
281,Tuatapere,61.0,73,86,7.0,-46.13,167.69,NZ,1575671233
282,Nuuk,17.6,72,20,14.99,64.17,-51.74,GL,1575670954
283,Puerto Ayora,77.0,73,75,19.46,-0.74,-90.35,EC,1575671233
284,Ulaangom,-0.4,93,100,3.76,49.98,92.07,MN,1575671233
285,Ossora,20.59,89,100,22.88,59.24,163.07,RU,1575671233
286,Pochutla,87.8,58,20,5.82,15.74,-96.47,MX,1575671233
287,Canoa,75.2,60,20,12.75,22.56,-79.83,CU,1575671233
288,Leningradskiy,11.84,89,100,2.26,69.38,178.42,RU,1575671233
289,Tabas,51.8,47,0,4.7,33.6,56.92,IR,1575671204
290,Celestun,76.98,72,0,16.24,20.87,-90.4,MX,1575671234
291,Quepos,71.6,73,90,18.34,9.43,-84.16,CR,1575671234
292,Junction City,44.01,38,1,4.7,39.03,-96.83,US,1575671234
293,Inhambane,74.52,71,37,7.74,-23.87,35.38,MZ,1575671234
294,Otjiwarongo,66.2,82,0,1.12,-20.46,16.65,NA,1575671234
295,Faanui,81.91,77,0,16.91,-16.48,-151.75,PF,1575671234
296,Polyarnyye Zori,17.74,96,85,3.83,67.37,32.5,RU,1575671234
297,Zabaykalsk,3.29,84,40,9.82,49.64,117.33,CN,1575671234
298,Amahai,81.95,78,59,5.55,-3.31,129.0,ID,1575671234
299,Simbahan,82.96,73,100,6.67,6.3,120.58,PH,1575671234
300,Beian,41.0,86,75,18.34,63.66,9.57,NO,1575671234
301,Porto Novo,66.2,82,90,11.41,-23.68,-45.44,BR,1575671234
302,Burnie,55.15,69,68,19.95,-41.05,145.91,AU,1575671234
303,Laureles,82.0,47,7,6.35,29.18,-110.87,MX,1575671234
304,Troitskoye,18.1,84,100,12.26,52.98,84.68,RU,1575671234
305,Tutoia,78.93,72,21,8.21,-2.76,-42.27,BR,1575671234
306,Lorengau,83.14,73,100,6.98,-2.02,147.27,PG,1575671235
307,Lensk,-8.63,94,22,3.47,60.71,114.91,RU,1575671235
308,La Rioja,80.06,17,0,10.22,-29.41,-66.86,AR,1575671235
309,Moron,80.87,81,2,11.63,18.56,-74.26,HT,1575671235
310,Lisakovsk,34.48,86,100,22.57,52.55,62.49,KZ,1575671235
311,Floro,37.99,93,75,3.36,61.6,5.03,NO,1575671235
312,Xichang,26.29,90,0,0.96,27.88,102.25,CN,1575671235
313,Beira,54.0,100,75,4.7,43.2,-8.36,ES,1575671235
314,San-Pedro,82.69,75,98,13.53,4.75,-6.64,CI,1575671217
315,Vila Velha,86.0,74,20,6.93,-3.71,-38.6,BR,1575671235
316,Kahului,75.2,69,40,10.29,20.89,-156.47,US,1575671235
317,Casablanca,60.01,100,40,2.24,33.6,-7.62,MA,1575671235
318,Derzhavinsk,28.62,90,100,31.59,51.1,66.31,KZ,1575671235
319,La Ronge,12.2,85,90,3.36,55.1,-105.3,CA,1575671235
320,Karlskrona,44.6,93,100,10.29,56.16,15.59,SE,1575671235
321,Vysokogornyy,-11.56,98,99,1.74,50.1,139.13,RU,1575671235
322,Mugla,30.2,92,0,3.13,41.62,24.49,BG,1575671127
323,Codrington,89.01,39,90,5.82,-28.95,153.24,AU,1575671236
324,Sao Filipe,69.46,84,0,14.72,14.9,-24.5,CV,1575671236
325,Anloga,84.2,83,20,6.93,5.79,0.9,GH,1575671236
326,Irpa Irpa,73.4,40,75,9.17,-17.72,-66.29,BO,1575671236
327,La Libertad,59.0,58,75,12.75,-16.38,-71.56,PE,1575671236
328,Pontianak,74.79,97,100,2.06,-0.02,109.34,ID,1575671236
329,Waddan,62.53,41,76,7.36,29.16,16.14,LY,1575671236
330,Ambanja,78.42,84,100,4.29,-13.68,48.45,MG,1575671236
331,Kijang,30.2,50,0,11.41,35.24,129.21,KR,1575671236
332,Kisangani,69.96,98,100,1.88,0.52,25.21,CD,1575671236
333,Balsas,83.08,60,45,3.6,-7.53,-46.04,BR,1575671236
334,Barreirinhas,80.8,63,31,7.61,-2.75,-42.83,BR,1575671236
335,Sri Aman,75.2,100,100,0.67,1.24,111.46,MY,1575671236
336,Morondava,75.47,88,0,3.13,-20.3,44.28,MG,1575671236
337,Noumea,86.0,55,83,9.17,-22.28,166.46,NC,1575671063
338,Formosa,71.74,89,68,4.94,-15.55,-47.33,BR,1575671236
339,Deming,60.8,36,1,6.93,32.27,-107.76,US,1575671236
340,Ust-Tsilma,1.02,97,90,2.91,65.44,52.15,RU,1575671236
341,Englewood,52.0,66,1,5.82,39.65,-104.99,US,1575671236
342,Vung Tau,69.49,80,0,6.93,10.35,107.08,VN,1575671237
343,Maiduguri,72.41,15,0,6.58,11.84,13.15,NG,1575671237
344,Shiraz,39.99,74,0,3.53,29.61,52.54,IR,1575670978
345,Yumen,21.69,54,100,14.45,40.29,97.04,CN,1575671237
346,Mackenzie,14.0,92,90,2.24,55.34,-123.09,CA,1575671237
347,Ust-Kuyga,-38.54,100,100,7.38,70.0,135.55,RU,1575671237
348,Salisbury,50.0,87,0,8.05,51.07,-1.8,GB,1575671237
349,Saint-Georges,21.0,85,100,3.71,46.12,-70.67,CA,1575671237
350,Husavik,21.0,86,100,5.99,50.56,-96.99,CA,1575671237
351,Thinadhoo,82.99,78,40,11.81,0.53,72.93,MV,1575671237
352,Sorland,39.2,86,40,12.75,67.67,12.69,NO,1575671237
353,Moose Factory,10.4,85,90,10.29,51.26,-80.61,CA,1575671237
354,Laguna,82.4,69,12,6.42,16.17,-88.94,BZ,1575671237
355,Brae,42.8,80,98,5.82,60.4,-1.35,GB,1575671237
356,Conde,80.56,83,0,19.08,-11.81,-37.61,BR,1575671237
357,Kyabe,74.19,17,21,4.79,9.45,18.94,TD,1575671237
358,Rome,55.4,93,20,4.7,41.89,12.48,IT,1575671106
359,Nara,44.6,80,75,1.12,34.68,135.8,JP,1575671238
360,Leiyang,41.0,66,0,1.41,26.42,112.85,CN,1575671238
361,Kitimat,28.99,68,75,19.46,54.02,-128.69,CA,1575671238
362,Ampanihy,68.92,84,30,9.69,-24.69,44.75,MG,1575671238
363,Acajutla,86.0,40,20,4.7,13.59,-89.83,SV,1575671225
364,La Plaine,43.0,86,100,9.17,45.17,5.76,FR,1575671238
365,Ahipara,73.99,100,59,10.58,-35.17,173.16,NZ,1575671238
366,Praia da Vitoria,63.0,87,20,11.32,38.73,-27.07,PT,1575671238
367,Astaneh-ye Ashrafiyeh,53.15,80,100,7.11,37.26,49.94,IR,1575671238
368,Kohat,46.4,65,0,4.7,33.6,71.44,PK,1575671238
369,San Luis,92.12,11,100,2.84,-33.3,-66.34,AR,1575671238
370,Chapais,10.4,85,75,3.36,49.78,-74.86,CA,1575671238
371,Tomatlan,84.72,60,0,7.27,19.93,-105.25,MX,1575671238
372,Raudeberg,37.99,93,75,3.36,61.99,5.14,NO,1575671238
373,Novaya Lyalya,33.01,81,62,11.77,59.05,60.6,RU,1575671238
374,Novaya Zaimka,30.38,88,100,16.2,56.49,66.92,RU,1575671238
375,Lakatoro,82.11,79,73,10.71,-16.11,167.42,VU,1575671238
376,Divnogorsk,28.4,74,40,13.42,55.96,92.38,RU,1575671239
377,Rio Gallegos,59.0,38,40,42.5,-51.62,-69.22,AR,1575671239
378,Charyshskoye,14.95,78,84,13.27,51.4,83.56,RU,1575671239
379,Umm Kaddadah,70.81,24,0,15.03,13.6,26.69,SD,1575671239
380,Okhotsk,-6.68,72,100,18.01,59.36,143.24,RU,1575671239
381,Huarmey,76.62,55,100,8.59,-10.07,-78.15,PE,1575671239
382,Meadow Lake,23.0,67,75,5.82,54.13,-108.44,CA,1575671239
383,Sept-Iles,21.0,67,75,8.05,50.2,-66.38,CA,1575671239
384,Saint-Francois,44.6,75,100,3.36,46.42,3.91,FR,1575671239
385,Tessalit,74.61,11,100,10.71,20.2,1.01,ML,1575671239
386,Rawson,56.97,66,59,12.01,-43.3,-65.11,AR,1575671173
387,Kargasok,14.63,87,100,16.08,59.06,80.87,RU,1575671239
388,Lewiston,30.99,63,90,4.7,44.1,-70.21,US,1575670970
389,Lewisporte,30.2,92,75,12.75,49.25,-55.06,CA,1575671239
390,Dingle,72.72,92,16,2.24,11.0,122.67,PH,1575671239
391,Bud,39.2,80,75,14.99,62.91,6.91,NO,1575671239
392,Danielskuil,57.29,91,85,5.01,-28.19,23.54,ZA,1575671239
393,Mocuba,71.87,89,81,1.41,-16.84,36.99,MZ,1575671239
394,Draguignan,51.8,81,0,5.82,43.54,6.46,FR,1575671240
395,Vila Franca do Campo,60.8,72,75,4.7,37.72,-25.43,PT,1575671240
396,Butembo,61.45,95,88,4.0,0.12,29.29,CD,1575671240
397,High Level,5.0,84,90,3.36,58.52,-117.13,CA,1575671240
398,Itanhaem,73.4,82,90,10.29,-24.18,-46.79,BR,1575671240
399,Ellisras,75.22,56,74,5.26,-23.67,27.74,ZA,1575671240
400,Ortakoy,33.8,74,75,1.12,38.74,34.04,TR,1575671240
401,Soria,35.01,95,26,2.13,41.76,-2.46,ES,1575671240
402,Swan River,17.73,91,59,8.19,52.11,-101.27,CA,1575671240
403,Havre-Saint-Pierre,23.0,85,90,9.17,50.23,-63.6,CA,1575671240
404,Shingu,48.78,69,100,6.98,33.72,135.99,JP,1575671240
405,Khuzhir,20.79,70,0,12.19,53.19,107.35,RU,1575671240
406,Souillac,45.0,100,90,1.12,45.6,-0.6,FR,1575671240
407,Iqaluit,-13.0,69,20,18.34,63.75,-68.52,CA,1575671240
408,Nurota,32.0,86,11,4.7,40.56,65.69,UZ,1575671240
409,Yichun,-4.22,98,100,4.07,47.72,128.88,CN,1575671240
410,Mantua,42.8,86,75,4.7,45.16,10.79,IT,1575671240
411,Ishigaki,60.8,93,75,21.92,24.34,124.16,JP,1575671240
412,Maragogi,80.76,82,0,15.7,-9.01,-35.22,BR,1575671241
413,Naze,78.8,83,40,6.78,5.43,7.07,NG,1575671241
414,Burghausen,39.0,69,0,13.87,48.17,12.83,DE,1575671241
415,Nago,41.0,86,75,4.7,45.88,10.89,IT,1575671241
416,Majene,76.24,88,100,3.42,-3.54,118.97,ID,1575671241
417,Bulgan,9.09,61,57,3.29,48.81,103.53,MN,1575671241
418,Harnosand,32.0,100,100,3.36,62.63,17.94,SE,1575671241
419,Libreville,78.8,88,40,9.17,0.39,9.45,GA,1575671241
420,Le Mars,33.8,74,1,8.05,42.79,-96.17,US,1575671241
421,Bendigo,55.99,61,90,1.99,-36.76,144.28,AU,1575671241
422,Nelson Bay,75.0,73,90,5.82,-32.72,152.14,AU,1575671241
423,Khorol,29.07,82,0,9.42,49.78,33.27,UA,1575671241
424,Bethanien,69.85,47,57,5.01,-26.5,17.16,NA,1575671241
425,Qaqortoq,33.8,29,100,28.86,60.72,-46.03,GL,1575671241
426,Volyne,33.01,85,2,4.0,49.17,13.89,CZ,1575671242
427,Jutai,83.25,65,91,3.47,-1.71,-47.89,BR,1575671242
428,Abu Zabad,71.82,24,0,13.2,12.35,29.25,SD,1575671242
429,Providencia,66.2,82,75,6.93,1.24,-77.6,CO,1575671242
430,Cabedelo,80.6,83,20,9.17,-6.97,-34.84,BR,1575671242
431,Sylvania,37.99,55,40,5.82,41.72,-83.71,US,1575671242
432,Vardo,52.0,61,90,14.99,39.62,-77.74,US,1575671242
433,Chilca,57.2,62,75,2.24,-13.22,-72.34,PE,1575671242
434,Rezina,31.68,73,0,10.29,47.75,28.95,MD,1575671242
435,Tahara,46.0,56,75,8.05,34.64,137.18,JP,1575671242
436,Thunder Bay,17.01,66,20,5.82,48.41,-89.26,CA,1575671072
437,Genhe,-15.9,97,5,2.28,50.78,121.52,CN,1575671242
438,Zaraza,81.1,77,13,8.95,9.35,-65.33,VE,1575671242
439,Stykkisholmur,23.29,77,0,7.47,65.08,-22.73,IS,1575671242
440,San Cristobal,80.51,45,1,5.46,14.68,-86.92,HN,1575671160
441,Bathsheba,80.6,74,20,16.11,13.22,-59.52,BB,1575671242
442,Caravelas,77.14,84,68,11.97,-17.73,-39.27,BR,1575671242
443,Port-Gentil,77.0,94,20,9.17,-0.72,8.78,GA,1575671243
444,College,-6.0,74,1,4.0,64.86,-147.8,US,1575671243
445,Shubarshi,31.21,89,95,20.6,48.59,57.19,KZ,1575671243
446,Myitkyina,54.05,62,70,3.71,25.38,97.4,MM,1575671243
447,Yagodnoye,-18.49,98,100,2.93,62.52,149.63,RU,1575671243
448,Tautira,86.0,74,43,11.41,-17.73,-149.15,PF,1575671243
449,Bonthe,80.69,75,48,6.96,7.53,-12.5,SL,1575671243
450,Hamilton,34.0,74,20,6.93,43.26,-79.87,CA,1575671050
451,Barentu,70.59,70,0,4.97,15.11,37.59,ER,1575671243
452,Narsaq,33.8,29,100,28.86,60.91,-46.05,GL,1575671243
453,Mount Isa,86.0,11,1,9.17,-20.73,139.49,AU,1575671243
454,Podstepki,30.2,80,0,13.42,53.52,49.14,RU,1575671243
455,Villa Florida,82.09,34,0,6.11,-26.41,-57.13,PY,1575671244
456,Trairi,78.87,68,0,6.24,-3.28,-39.27,BR,1575671112
457,Mtambile,82.56,80,87,10.51,-5.38,39.7,TZ,1575671244
458,Zhangjiakou,11.41,79,0,5.82,40.77,114.88,CN,1575671244
459,Saint-Augustin,26.01,73,75,2.24,45.63,-73.98,CA,1575671244
460,Vilhena,78.8,78,100,1.12,-12.74,-60.15,BR,1575671244
461,Gat,75.2,68,89,16.11,14.69,-16.54,SN,1575671244
462,San Juan,91.81,11,0,8.81,-31.54,-68.53,AR,1575671149
463,Port Hawkesbury,33.01,68,90,17.22,45.62,-61.36,CA,1575671244
464,Piltene,46.4,93,90,20.8,57.23,21.67,LV,1575671244
465,Luanda,78.8,78,40,5.82,-8.83,13.24,AO,1575670991
466,Sovetskiy,32.56,90,100,17.56,56.76,48.47,RU,1575671244
467,Zhongshu,31.24,81,0,1.99,24.52,103.77,CN,1575671244
468,Tomino,33.8,74,75,15.66,54.95,61.17,RU,1575671244
469,Sobolevo,29.5,81,84,12.64,54.43,31.9,RU,1575671244
470,Christchurch,71.6,40,39,13.87,-43.53,172.64,NZ,1575671244
471,Lavrentiya,13.55,77,0,26.89,65.58,-170.99,RU,1575671245
472,Nanyamba,80.6,83,20,4.5,-10.69,39.81,MZ,1575671245
473,Muros,51.01,100,20,3.36,42.77,-9.06,ES,1575671245
474,Weihe,35.46,87,100,1.48,32.99,105.33,CN,1575671245
475,Zaidpur,59.0,87,40,2.98,26.83,81.33,IN,1575671245
476,Lima,71.6,78,75,14.99,-12.06,-77.04,PE,1575671214
477,Ponta Pora,77.0,44,4,4.7,-22.54,-55.73,BR,1575671245
478,Gorom-Gorom,78.78,12,48,8.88,14.45,-0.24,BF,1575671245
479,Coshocton,43.0,75,90,5.82,40.27,-81.86,US,1575671245
480,Puerto Carreno,89.6,55,20,4.7,6.19,-67.49,CO,1575671245
481,Buchanan,77.0,94,40,4.9,5.88,-10.05,LR,1575671245
482,Teya,84.2,45,20,6.93,21.05,-89.07,MX,1575671245
483,Leeton,66.2,34,0,8.05,-34.55,146.4,AU,1575671246
484,Monte Alegre,88.25,54,81,5.7,-2.0,-54.07,BR,1575671246
485,Port Augusta,70.0,63,10,10.29,-32.49,137.76,AU,1575671246
486,Shirokaya Rechka,33.8,80,90,15.66,56.8,60.49,RU,1575671246
487,Bandarbeyla,80.04,84,100,24.49,9.49,50.81,SO,1575671246
488,Leh,0.73,37,0,2.82,34.16,77.58,IN,1575671246
489,Unai,76.42,81,81,3.6,-16.36,-46.91,BR,1575671246
490,Batken,34.9,89,100,1.79,40.06,70.82,KG,1575671246
491,Uribia,86.36,57,35,13.15,11.71,-72.27,CO,1575671246
492,Oda,37.4,86,75,8.05,35.19,132.5,JP,1575671246
493,Guna,56.5,41,98,5.95,24.65,77.32,IN,1575671246
494,Vao,44.24,89,100,11.1,59.1,26.19,EE,1575671246
495,Vanavara,13.41,95,100,6.26,60.35,102.28,RU,1575671246
496,Hit,56.28,77,62,8.19,33.64,42.83,IQ,1575671246
497,Reyes,78.8,78,75,2.82,-14.3,-67.34,BO,1575671246
498,Lexington,51.01,87,90,3.36,38.05,-84.5,US,1575671144
499,Belaya,28.92,85,0,12.28,51.06,35.71,RU,1575671246
500,Sibiti,69.35,97,89,1.52,-3.69,13.35,CG,1575671247
501,Hay River,-13.0,75,75,5.82,60.82,-115.79,CA,1575671247
502,Sulangan,80.71,80,18,6.85,11.14,123.72,PH,1575671247
503,Krasyliv,29.12,66,0,4.61,49.66,26.97,UA,1575671247
504,Fuerte Olimpo,91.4,25,0,7.58,-21.04,-57.87,BR,1575671247
505,Manado,75.2,100,20,2.24,1.49,124.85,ID,1575671247
506,Urucui,81.07,65,26,4.92,-7.23,-44.56,BR,1575671247
507,Ofaqim,59.0,84,76,5.88,31.31,34.62,IL,1575671247
508,Wajir,84.97,50,78,5.41,1.75,40.07,KE,1575671247
509,Prince Rupert,35.6,80,20,2.24,54.32,-130.32,CA,1575671247
510,Guayaramerin,90.81,51,85,5.1,-10.82,-65.36,BO,1575671247
511,Kholodnyy,-16.98,94,100,6.51,62.72,147.95,RU,1575671247
512,Southbridge,41.0,92,90,6.51,42.08,-72.03,US,1575671247
513,Fallon,44.6,56,1,11.41,46.84,-105.12,US,1575671247
514,Omsukchan,-14.67,98,100,7.09,62.53,155.8,RU,1575671247
515,Lac du Bonnet,21.0,86,100,5.99,50.25,-96.06,CA,1575671247
516,Makakilo City,80.01,78,90,10.29,21.35,-158.09,US,1575671097
517,Medicine Hat,33.8,74,75,3.36,50.04,-110.68,CA,1575671162
518,Kirakira,78.13,82,100,8.46,-10.46,161.92,SB,1575671247
519,Dombarovskiy,31.53,87,100,23.22,50.76,59.54,RU,1575671248
520,Pilar,84.2,21,0,10.29,-34.46,-58.91,AR,1575671248
521,Coos Bay,57.0,87,90,4.7,43.37,-124.22,US,1575671248
522,Pasighat,55.67,53,0,1.86,28.06,95.33,IN,1575671248
523,Strezhevoy,15.8,85,90,13.42,60.73,77.6,RU,1575671248
524,Kasongo-Lunda,67.69,97,100,0.92,-6.48,16.82,CD,1575671248
525,Santa Maria,71.6,94,75,3.36,-16.02,-48.01,BR,1575671248
526,Krasnoarmeysk,37.0,74,75,15.66,56.12,38.15,RU,1575671248
527,Lat Yao,56.23,62,0,4.27,15.75,99.79,TH,1575671248
528,Lubango,59.11,88,0,1.97,-14.92,13.49,AO,1575671123
529,Mogadishu,81.82,80,96,8.95,2.04,45.34,SO,1575671248
530,Beringovskiy,23.54,83,100,36.13,63.05,179.32,RU,1575671248
531,Phan Thiet,64.29,82,0,2.15,10.93,108.1,VN,1575671248
